2 (dimension of input pattern) 
1 (dimension of output pattern) 
200 (number of training or testing pairs) 

0.4596939676971039 -0.4705832414778812 
-1.0

0.7973853299361147 -0.3430304805109485 
-1.0

0.2352698824185952 0.9612956888775096 
-1.0

0.7654529544627766 -0.177643615615521 
-1.0

-0.3355766655609158 -0.3138927376698501 
-1.0

0.3173952102773487 -0.523315192212694 
-1.0

-0.6394110913008553 -0.1712082214006995 
-1.0

0.1158044750295124 0.6457515779262284 
-1.0

0.1898961558804153 0.8915884855461247 
-1.0

0.0679049834502114 -0.6011689798223658 
-1.0

-0.1687477578101286 -0.0969231404702997 
-1.0

0.4954409781177551 -0.5766855423053885 
-1.0

-0.5443143632211727 -0.5289981573151135 
-1.0

0.2673269067104269 0.5569193329038322 
-1.0

-0.4693562091552574 -0.4742694504861076 
-1.0

-0.2126843835215961 -0.4434968835392219 
-1.0

0.2554738588439704 0.9136318511020568 
-1.0

-0.2536467304159737 -0.6833730187892435 
-1.0

-0.9958096961728566 0.0567250750214571 
-1.0

0.7502760023359496 -0.3340668268308828 
-1.0

-0.4076475671655744 0.8781227521938377 
-1.0

0.4298954886382224 0.8747889067154029 
-1.0

0.5260859356914427 -0.1376219980594908 
-1.0

0.2795739142471349 0.3093482291633576 
-1.0

-0.7887366471839088 0.077816001912061 
-1.0

-0.6655286060931096 0.0160230817272291 
-1.0

-0.0321626424470276 0.1798655979742958 
-1.0

-0.2083697612428321 -0.2515293055931384 
-1.0

0.1581655914025881 0.5373088718136443 
-1.0

-0.4216174669215591 0.6032843215300367 
-1.0

0.2029392074846736 -0.6619897596933888 
-1.0

0.5372127295517597 -0.4550711554785764 
-1.0

-0.3214278001522066 0.111129132126813 
-1.0

0.2198119430264573 -0.6308378897283249 
-1.0

0.4776526435308375 -0.7596050527235008 
-1.0

0.0322848901892087 -0.2726595095934412 
-1.0

-0.4114209262310115 0.5303265387800606 
-1.0

0.0727889746285566 0.7393683050547644 
-1.0

-0.3155590696283323 0.0479533550237079 
-1.0

-0.3178131286146364 0.6307202062008468 
-1.0

-0.6335239370003265 -0.2666293186857884 
-1.0

0.1664274338669464 0.5501200585276127 
-1.0

0.2464688671048449 -0.0021537505988966 
-1.0

0.6582485912348317 0.1859771544556046 
-1.0

-0.6071666592404306 -0.2892544777712773 
-1.0

-0.6570894081459082 -0.2228101488375546 
-1.0

-0.8761739787890215 -0.0851767477063134 
-1.0

-0.6069589438327263 -0.4153818048958504 
-1.0

0.5327841579508266 0.2461146009743333 
-1.0

-0.6610867501784585 0.5417720749133501 
-1.0

-0.6337438130843731 0.6196727142833462 
-1.0

0.652548442041732 -0.4124314609523338 
-1.0

0.6497338131668204 0.4152989568889134 
-1.0

0.3529687569787136 0.4297143224947768 
-1.0

-0.9324146464303152 0.1552956211152385 
-1.0

0.6812756832384657 -0.1062312101640934 
-1.0

0.3843260929504799 -0.6171307881422878 
-1.0

0.5465609942333227 0.4381628286974099 
-1.0

-0.3076339815625188 0.3801983869325864 
-1.0

-0.9130474709376144 -0.0849450486464853 
-1.0

-0.6347042827608389 0.772201750640412 
-1.0

0.7825215877598759 -0.0743561223923188 
-1.0

-0.6825798673096797 -0.1347573597047464 
-1.0

-0.1445553245968214 0.1260673107847498 
-1.0

0.6889953284879966 0.383063326317909 
-1.0

0.5130805327705752 0.2988065730473921 
-1.0

-0.936189921246378 0.1226696309295722 
-1.0

-0.2198769642274642 0.7208188638585815 
-1.0

0.356834832363941 0.2812948227556813 
-1.0

-0.4475538480477214 0.2295737187621447 
-1.0

0.0450760284835825 -0.4498284474825125 
-1.0

0.8043364548053784 -0.4000099273205659 
-1.0

-0.3841362219420756 0.6624502206804102 
-1.0

-0.4700526743595152 -0.785618553663677 
-1.0

-0.3150843249824837 -0.9398623630903682 
-1.0

-0.7983687687490351 -0.2356428490678683 
-1.0

-0.4595664517310633 0.8093228736533797 
-1.0

-0.3731537072462139 0.6878484773187865 
-1.0

-0.0650322242312517 -0.1335710322647618 
-1.0

0.3110012859924622 -0.7500498929628123 
-1.0

0.1103807060071329 0.9672554482257416 
-1.0

-0.4621996570434223 -0.1130881064450282 
-1.0

0.0419299403014723 -0.8052643235699866 
-1.0

0.8460104482583946 0.3846154261995393 
-1.0

-0.1967905097248254 -0.0144931791249494 
-1.0

-0.7684600108148563 -0.0104574189545658 
-1.0

-0.2811001527494903 0.5265961956639469 
-1.0

0.4930247771032792 0.335210775182297 
-1.0

0.4845485760286796 0.5908560889885992 
-1.0

0.1771415170486574 -0.0794921536192787 
-1.0

-0.7228443352176335 0.1492777419658604 
-1.0

-0.7251877835261618 0.1840506851379539 
-1.0

0.1557893526895011 0.7684507129425122 
-1.0

-0.1290262127221955 0.7863508715145806 
-1.0

0.011814095095926 0.5391301671537168 
-1.0

-0.8778766981070492 -0.179143127372765 
-1.0

-0.1717346384924067 -0.8815291920640362 
-1.0

0.7180814487003255 -0.3129206459235338 
-1.0

0.8470366392190813 -0.3611477439276052 
-1.0

-0.744701130178254 -0.4323918218645222 
-1.0

0.2609026256180176 -1.250070331541874 
1.0

0.4194166285563758 -1.343805782944508 
1.0

0.8634740965138485 -0.9826263259642012 
1.0

0.386490139125426 1.5300690691368954 
1.0

-0.4368054701483039 1.1717598228213717 
1.0

-1.4863325309063136 -0.3662199571087354 
1.0

-0.4449491712609577 -1.5098124385390732 
1.0

1.1411334318828974 1.0725484914739385 
1.0

0.9828639517712564 0.7647424838835981 
1.0

-0.9589565402313172 1.0994435103688671 
1.0

0.4927223249020365 -1.126602728959354 
1.0

0.5016550204593972 1.3944154864958014 
1.0

0.8389943853237884 0.9814525628633765 
1.0

1.2745510199694152 -0.7251788815561744 
1.0

-0.1326152188276417 -1.2757012927791544 
1.0

-1.0937540987287142 1.0791807171265368 
1.0

1.4824137848640309 0.0118445587494795 
1.0

0.102865733319911 1.4410962058691688 
1.0

0.7962102436642624 0.9905880596279708 
1.0

-1.5508808102856908 0.2543760722683243 
1.0

1.115132740527061 -1.0753414309522191 
1.0

0.4900884371106624 -1.352875771934143 
1.0

-1.2241842743018516 -0.5904107034860981 
1.0

-1.3328556667628155 -0.0703181065662148 
1.0

-0.766417402474997 1.0584191722854586 
1.0

-1.3365699707414531 0.3556812417787149 
1.0

1.4618846827452376 0.3606236813507575 
1.0

0.4996356313671688 1.4150496482685329 
1.0

0.6452523050178804 1.3473934691594982 
1.0

-0.0163870244084485 1.2763207629124338 
1.0

-0.3266740910938157 1.2884940627804171 
1.0

-1.164282730348508 -0.5250081973065477 
1.0

-1.5146837668487398 0.34158498593328 
1.0

0.2783323455979776 -1.3204302688789538 
1.0

0.2925466300707509 1.3488612497842576 
1.0

-0.2689506273329751 -1.5023396902527706 
1.0

1.4238699934896817 -0.4045207764468621 
1.0

-1.213163651626635 0.423173659255581 
1.0

-0.9653689680011404 -1.2062713992222829 
1.0

-1.249786881643542 0.2155136105005723 
1.0

-1.577264248290203 0.0672342683427595 
1.0

-0.4655949259964007 -1.444025196956443 
1.0

0.2343255116236271 1.4993679027435096 
1.0

1.3830618875174574 -0.2882169143341917 
1.0

-0.3929943533986968 -1.461190972354518 
1.0

0.8143147210722814 -1.067398724612448 
1.0

-1.2717095774048692 0.7204386181193323 
1.0

-1.1571456705986307 0.9572718037264298 
1.0

-1.3400752101052182 -0.2384550493272001 
1.0

0.8130422591811906 -1.028951535770164 
1.0

-1.2925402389613314 -0.8340728630538852 
1.0

0.3550784611996107 -1.2932528091304176 
1.0

-0.5376730355013715 1.1049759760049955 
1.0

0.2337684487973126 1.3906774536782995 
1.0

0.0318083087693743 -1.4963069709237944 
1.0

-0.4373953356530329 -1.3226960344877128 
1.0

0.8637771252439643 1.1462977590112915 
1.0

1.540464087819026 0.0626361543420914 
1.0

-0.99618395269518 -1.1288683493604146 
1.0

-0.8726081431510435 0.9343739602282356 
1.0

-1.36787957121793 0.0031755782373332 
1.0

1.205521228527017 -0.3298536964508969 
1.0

0.7316983066462797 1.0743347935298866 
1.0

-0.8616901526787037 1.271856341075165 
1.0

-0.5691257629287598 1.3412139933161074 
1.0

-0.982139453811378 1.151783604139311 
1.0

1.2090889688318187 0.2942751023949208 
1.0

-0.4126121226764025 1.5135359701231543 
1.0

1.428361820741304 -0.2560838992118341 
1.0

-1.4031607118412892 0.4117652699495586 
1.0

-0.74076896558058 1.3706139219764246 
1.0

-1.1996859227035217 -0.6664913433737638 
1.0

-0.2721072442849737 -1.3182997911405447 
1.0

1.4210302371162695 -0.641538795243731 
1.0

1.1268473797078924 0.622141166516375 
1.0

-1.3840063468873378 -0.3869057619665392 
1.0

0.6982296073387726 1.3233875505293309 
1.0

-1.087787486227637 1.0119319447017574 
1.0

-0.7357546858577058 -1.0617891806286035 
1.0

0.3697134875767629 -1.1868412348475896 
1.0

-1.3235190520482831 0.1890097375105472 
1.0

-1.3784941889501132 0.4213521428344338 
1.0

1.1731847778383404 0.7277977968113589 
1.0

1.396674682600343 0.2322617189602756 
1.0

-1.2750581386897943 0.3024499740980975 
1.0

0.0204252293342666 1.4411479568633094 
1.0

-1.1225953196534268 -0.8155402011698873 
1.0

0.3267459986970191 1.2711497826195792 
1.0

-0.6775367473952842 1.0918939151052909 
1.0

-1.1647926918857578 0.6238215032272798 
1.0

1.4167820029796545 -0.4933382122599274 
1.0

1.541326812475102 -0.1558936762240499 
1.0

0.5681410612286442 1.4375509345565185 
1.0

0.9245687426219344 -0.919308428349237 
1.0

0.5355489011650727 -1.1479097126950788 
1.0

0.7440660202429639 -1.2065478417803122 
1.0

-0.4575468872162256 1.286226936408435 
1.0

-1.0199999280616288 -0.7839255830520582 
1.0

1.3634285479453476 -0.8002501806725686 
1.0

-1.246701973610196 -0.3886145440019657 
1.0

